Wavelength (A)	Flux (n/s/cm2)
2.86E-04	8.62E+04
3.03E-04	1.04E+05
3.21E-04	1.54E+05
3.40E-04	2.37E+05
3.60E-04	3.65E+05
3.81E-04	5.29E+05
4.04E-04	7.23E+05
4.28E-04	9.89E+05
4.53E-04	1.40E+06
4.80E-04	1.90E+06
5.09E-04	2.54E+06
5.39E-04	3.70E+06
5.71E-04	4.46E+06
6.04E-04	4.87E+06
6.40E-04	6.02E+06
6.78E-04	6.97E+06
7.18E-04	7.14E+06
7.61E-04	9.06E+06
8.06E-04	1.08E+07
8.54E-04	1.07E+07
9.04E-04	1.01E+07
9.58E-04	8.92E+06
1.01E-03	1.36E+07
1.07E-03	1.51E+07
1.14E-03	1.32E+07
1.21E-03	1.27E+07
1.28E-03	1.30E+07
1.35E-03	1.37E+07
1.43E-03	1.36E+07
1.52E-03	1.05E+07
1.61E-03	1.99E+07
1.70E-03	1.98E+07
1.80E-03	1.66E+07
1.91E-03	1.66E+07
2.02E-03	1.71E+07
2.14E-03	1.80E+07
2.27E-03	1.87E+07
2.41E-03	1.97E+07
2.55E-03	2.07E+07
2.70E-03	2.19E+07
2.86E-03	2.31E+07
3.03E-03	2.40E+07
3.21E-03	2.52E+07
3.40E-03	2.62E+07
3.60E-03	2.74E+07
3.81E-03	2.80E+07
4.04E-03	3.03E+07
4.28E-03	3.15E+07
4.53E-03	3.30E+07
4.80E-03	3.43E+07
5.09E-03	3.58E+07
5.39E-03	3.72E+07
5.71E-03	3.87E+07
6.04E-03	4.00E+07
6.40E-03	4.12E+07
6.78E-03	4.24E+07
7.18E-03	4.34E+07
7.61E-03	4.43E+07
8.06E-03	4.51E+07
8.54E-03	4.58E+07
9.04E-03	4.63E+07
9.58E-03	4.71E+07
1.01E-02	4.75E+07
1.07E-02	4.76E+07
1.14E-02	4.77E+07
1.21E-02	4.79E+07
1.28E-02	4.77E+07
1.35E-02	4.78E+07
1.43E-02	4.77E+07
1.52E-02	4.74E+07
1.61E-02	4.73E+07
1.70E-02	4.71E+07
1.80E-02	4.69E+07
1.91E-02	4.64E+07
2.02E-02	4.59E+07
2.14E-02	4.59E+07
2.27E-02	4.57E+07
2.41E-02	4.52E+07
2.55E-02	4.50E+07
2.70E-02	4.46E+07
2.86E-02	4.45E+07
3.03E-02	4.43E+07
3.21E-02	4.37E+07
3.40E-02	4.40E+07
3.60E-02	4.34E+07
3.81E-02	4.27E+07
4.04E-02	4.27E+07
4.28E-02	4.25E+07
4.53E-02	4.25E+07
4.80E-02	4.16E+07
5.09E-02	4.15E+07
5.39E-02	4.13E+07
5.71E-02	4.07E+07
6.04E-02	3.85E+07
6.40E-02	3.90E+07
6.78E-02	3.88E+07
7.18E-02	3.92E+07
7.61E-02	3.88E+07
8.06E-02	3.87E+07
8.54E-02	3.86E+07
9.04E-02	3.88E+07
9.58E-02	3.85E+07
1.01E-01	3.78E+07
1.07E-01	3.79E+07
1.14E-01	3.67E+07
1.21E-01	3.75E+07
1.28E-01	3.72E+07
1.35E-01	3.66E+07
1.43E-01	3.56E+07
1.52E-01	3.52E+07
1.61E-01	3.45E+07
1.70E-01	3.22E+07
1.80E-01	3.12E+07
1.91E-01	3.21E+07
2.02E-01	3.16E+07
2.14E-01	3.11E+07
2.27E-01	3.05E+07
2.41E-01	3.05E+07
2.55E-01	2.95E+07
2.70E-01	2.95E+07
2.86E-01	2.91E+07
3.03E-01	2.83E+07
3.21E-01	2.75E+07
3.40E-01	2.71E+07
3.60E-01	2.62E+07
3.81E-01	2.52E+07
4.04E-01	2.46E+07
4.28E-01	2.34E+07
4.53E-01	2.21E+07
4.80E-01	2.12E+07
5.09E-01	2.03E+07
5.39E-01	2.00E+07
5.71E-01	2.01E+07
6.04E-01	1.98E+07
6.40E-01	1.98E+07
6.78E-01	1.97E+07
7.18E-01	1.92E+07
7.61E-01	1.84E+07
8.06E-01	1.76E+07
8.54E-01	1.66E+07
9.04E-01	1.57E+07
9.58E-01	1.50E+07
1.01E+00	1.44E+07
1.07E+00	1.39E+07
1.14E+00	1.36E+07
1.21E+00	1.34E+07
1.28E+00	1.34E+07
1.35E+00	1.35E+07
1.43E+00	1.38E+07
1.52E+00	1.42E+07
1.61E+00	1.45E+07
1.70E+00	1.51E+07
1.80E+00	1.57E+07
1.91E+00	1.63E+07
2.02E+00	1.67E+07
2.14E+00	1.71E+07
2.27E+00	1.75E+07
2.41E+00	1.77E+07
2.55E+00	1.72E+07
2.70E+00	1.62E+07
2.86E+00	1.53E+07
3.03E+00	1.43E+07
3.21E+00	1.33E+07
3.40E+00	1.23E+07
3.60E+00	1.13E+07
3.81E+00	1.03E+07
4.04E+00	9.32E+06
4.28E+00	8.27E+06
4.53E+00	7.39E+06
4.80E+00	6.44E+06
5.09E+00	5.61E+06
5.39E+00	4.84E+06
5.71E+00	4.16E+06
6.04E+00	3.54E+06
6.40E+00	3.05E+06
6.78E+00	2.57E+06
7.18E+00	2.20E+06
7.61E+00	1.85E+06
8.06E+00	1.58E+06
8.54E+00	1.33E+06
9.04E+00	1.15E+06
9.58E+00	9.52E+05
1.01E+01	7.98E+05
1.07E+01	6.65E+05
1.14E+01	5.53E+05
1.21E+01	4.65E+05
1.28E+01	3.87E+05
1.35E+01	3.17E+05
1.43E+01	2.69E+05
1.52E+01	2.20E+05
1.61E+01	1.92E+05
1.70E+01	1.49E+05
1.80E+01	1.25E+05
1.91E+01	1.01E+05
2.02E+01	8.32E+04
2.14E+01	7.10E+04
2.27E+01	5.59E+04
2.41E+01	4.72E+04
2.55E+01	3.94E+04
2.70E+01	3.09E+04
2.86E+01	2.48E+04
3.03E+01	2.04E+04
3.21E+01	1.63E+04
3.40E+01	1.22E+04
3.60E+01	1.01E+04
3.81E+01	8.54E+03
4.04E+01	7.39E+03
4.28E+01	5.28E+03
4.53E+01	5.17E+03
4.80E+01	4.28E+03
5.09E+01	2.95E+03
5.39E+01	2.08E+03
5.71E+01	2.23E+03
6.04E+01	1.26E+03
6.40E+01	1.15E+03
6.78E+01	9.57E+02
7.18E+01	6.74E+02
7.61E+01	5.05E+02
8.06E+01	5.03E+02
8.54E+01	2.86E+02
9.04E+01	2.02E+02
