Wavelength (A)	Transmission
0.45	1.78E-07
0.50	3.16E-08
0.55	5.62E-09
0.60	1.00E-09
0.65	1.88E-10
0.70	3.16E-11
0.75	5.62E-12
0.80	1.02E-12
0.85	2.64E-13
0.90	3.16E-14
0.95	2.66E-12
1.00	8.19E-10
1.05	2.16E-16
1.10	4.75E-07
1.15	1.40E-06
1.20	2.27E-07
1.25	4.22E-08
1.30	1.01E-06
1.35	4.79E-06
1.40	3.90E-06
1.45	2.28E-06
1.50	4.20E-06
1.55	8.78E-06
1.60	2.66E-05
1.65	4.43E-04
1.70	4.16E-03
1.75	1.58E-02
1.80	3.90E-02
1.85	7.77E-02
1.90	1.36E-01
1.95	2.17E-01
2.00	3.26E-01
2.05	4.67E-01
2.10	6.46E-01
2.15	8.43E-01
2.20	9.62E-01
2.25	1.00E+00
2.30	1.00E+00
2.35	1.00E+00
2.40	1.00E+00
2.45	1.00E+00
2.50	1.00E+00
2.55	1.00E+00
2.60	1.00E+00
2.65	1.00E+00
2.70	1.00E+00
2.75	1.00E+00
2.80	1.00E+00
2.85	1.00E+00
2.90	1.00E+00
2.95	1.00E+00
3.00	1.00E+00
3.05	1.00E+00
3.10	1.00E+00
3.15	1.00E+00
3.20	1.00E+00
3.25	1.00E+00
3.30	1.00E+00
3.35	1.00E+00
3.40	1.00E+00
3.45	1.00E+00
3.50	1.00E+00
3.55	1.00E+00
3.60	1.00E+00
3.65	1.00E+00
3.70	1.00E+00
3.75	1.00E+00
3.80	1.00E+00
3.85	1.00E+00
3.90	1.00E+00
3.95	1.00E+00
4.00	1.00E+00
4.05	1.00E+00
4.10	1.00E+00
4.15	1.00E+00
4.20	1.00E+00
4.25	1.00E+00
4.30	1.00E+00
4.35	1.00E+00
4.40	1.00E+00
4.45	1.00E+00
4.50	1.00E+00
4.55	1.00E+00
4.60	1.00E+00
4.65	1.00E+00
4.70	9.99E-01
4.75	9.96E-01
4.80	9.55E-01
4.85	8.33E-01
4.90	6.38E-01
4.95	4.61E-01
5.00	3.21E-01
5.05	2.14E-01
5.10	1.34E-01
5.15	7.66E-02
5.20	3.85E-02
5.25	1.56E-02
5.30	4.14E-03
5.35	4.41E-04
5.40	1.29E-05
5.45	6.95E-09
5.50	1.71E-59
5.55	5.62E-84
5.60	1.00E-84
5.65	1.78E-85
5.70	3.16E-86
5.75	5.62E-87
5.80	1.00E-87
5.85	1.78E-88
5.90	3.16E-89
5.95	5.62E-90
6.00	1.00E-90
6.05	1.78E-91
6.10	3.16E-92
6.15	5.62E-93
6.20	1.00E-93
6.25	1.78E-94
6.30	3.16E-95
6.35	5.62E-96
6.40	1.00E-96
6.45	1.78E-97
6.50	3.16E-98
6.55	5.62E-99
6.60	1.00E-99
6.65	1.78E-100
6.70	3.16E-101
6.75	1.85E-75
6.80	4.35E-75
6.85	3.73E-75
6.90	2.11E-75
6.95	8.49E-76
7.00	2.89E-76
7.05	8.53E-77
7.10	2.08E-77
7.15	3.20E-78
7.20	1.00E-108
7.25	1.78E-109
7.30	3.16E-110
7.35	5.62E-111
7.40	5.26E-82
7.45	7.62E-82
7.50	5.03E-82
7.55	2.15E-82
7.60	1.09E-82
7.65	2.37E-82
7.70	1.95E-82
7.75	1.11E-82
7.80	5.57E-83
7.85	2.66E-83
7.90	1.27E-83
7.95	6.19E-84
8.00	3.18E-84
8.05	5.25E-51
8.10	9.77E-48
8.15	2.34E-47
8.20	3.10E-47
8.25	2.59E-47
8.30	1.76E-47
8.35	1.08E-47
8.40	6.00E-48
8.45	2.76E-48
8.50	8.66E-49
8.55	1.63E-49
8.60	3.27E-49
8.65	3.98E-49
8.70	3.84E-49
8.75	3.29E-49
8.80	2.68E-49
8.85	2.05E-49
8.90	1.48E-49
8.95	1.05E-49
9.00	7.84E-50
9.05	6.70E-50
9.10	6.49E-50
9.15	8.09E-50
9.20	4.52E-49
9.25	1.67E-48
9.30	2.88E-48
9.35	3.22E-48
9.40	2.71E-48
9.45	2.02E-48
9.50	1.42E-48
9.55	9.55E-49
9.60	6.26E-49
9.65	4.02E-49
9.70	2.54E-49
9.75	1.59E-49
9.80	9.63E-50
9.85	5.59E-50
9.90	3.16E-50
9.95	1.78E-50
10.00	1.00E-50
10.05	5.62E-51
10.10	3.16E-51
10.15	1.78E-51
10.20	1.00E-51
10.25	5.62E-52
10.30	3.16E-52
10.35	1.78E-52
10.40	1.00E-52
10.45	5.62E-53
10.50	3.16E-53
10.55	1.78E-53
10.60	1.00E-53
10.65	5.62E-54
10.70	3.16E-54
10.75	1.78E-54
10.80	1.00E-54
10.85	5.62E-55
10.90	3.16E-55
10.95	1.78E-55
11.00	1.00E-55
11.05	5.62E-56
11.10	3.16E-56
11.15	1.78E-56
11.20	1.00E-56
11.25	5.62E-57
11.30	3.13E-57
11.35	1.70E-57
11.40	8.87E-58
11.45	4.46E-58
11.50	2.21E-58
11.55	1.08E-58
11.60	5.15E-59
11.65	2.38E-59
11.70	1.04E-59
11.75	4.22E-60
11.80	1.43E-60
11.85	3.35E-61
11.90	5.07E-62
11.95	1.84E-63
12.00	2.63E-65
12.05	1.46E-65
12.10	8.58E-66
12.15	5.12E-66
12.20	3.62E-66
12.25	3.71E-66
12.30	4.49E-66
12.35	5.66E-66
12.40	8.32E-66
12.45	2.97E-65
12.50	9.12E-65
12.55	1.37E-64
12.60	1.29E-64
12.65	9.39E-65
12.70	6.02E-65
12.75	3.55E-65
12.80	1.94E-65
12.85	9.84E-66
12.90	4.46E-66
12.95	1.65E-66
13.00	4.03E-67
13.05	5.65E-68
13.10	1.04E-69
13.15	3.14E-132
13.20	1.00E-132
13.25	3.16E-133
13.30	1.00E-133
13.35	3.16E-134
13.40	1.00E-134
13.45	3.16E-135
13.50	1.00E-135
13.55	3.16E-136
13.60	1.00E-136
13.65	3.16E-137
13.70	1.00E-137
13.75	3.16E-138
13.80	1.00E-138
13.85	3.16E-139
13.90	1.00E-139
13.95	3.16E-140
14.00	1.00E-140
14.05	1.36E-77
14.10	5.40E-77
14.15	1.10E-76
14.20	1.72E-76
14.25	2.06E-76
14.30	2.12E-76
14.35	1.88E-76
14.40	1.55E-76
14.45	1.24E-76
14.50	1.00E-76
14.55	1.32E-76
14.60	9.07E-76
14.65	2.31E-75
14.70	3.51E-75
14.75	3.65E-75
14.80	2.98E-75
14.85	2.20E-75
14.90	1.53E-75
14.95	1.02E-75
15.00	6.67E-76
15.05	4.27E-76
15.10	2.70E-76
15.15	1.67E-76
15.20	9.83E-77
15.25	5.62E-77
15.30	3.16E-77
15.35	1.78E-77
15.40	1.00E-77
15.45	5.62E-78
15.50	3.16E-78
15.55	1.78E-78
15.60	9.99E-79
15.65	5.62E-79
15.70	3.14E-79
15.75	1.71E-79
15.80	9.01E-80
15.85	4.62E-80
15.90	2.34E-80
15.95	1.17E-80
16.00	5.81E-81
16.05	2.82E-81
16.10	1.33E-81
16.15	6.08E-82
16.20	2.62E-82
16.25	1.03E-82
16.30	3.28E-83
16.35	6.88E-84
16.40	7.16E-85
16.45	1.13E-86
16.50	8.83E-88
16.55	8.47E-88
16.60	7.67E-88
16.65	6.52E-88
16.70	5.59E-88
16.75	5.22E-88
16.80	7.96E-88
16.85	4.73E-87
16.90	1.27E-86
16.95	1.95E-86
17.00	1.99E-86
17.05	1.63E-86
17.10	1.20E-86
17.15	8.29E-87
17.20	5.55E-87
17.25	3.62E-87
17.30	2.32E-87
17.35	1.46E-87
17.40	9.10E-88
17.45	5.46E-88
17.50	3.15E-88
17.55	1.78E-88
17.60	1.00E-88
17.65	5.62E-89
17.70	3.16E-89
17.75	1.78E-89
17.80	9.93E-90
17.85	5.43E-90
17.90	2.85E-90
17.95	1.44E-90
18.00	7.14E-91
18.05	3.49E-91
18.10	1.67E-91
18.15	7.78E-92
18.20	3.45E-92
18.25	1.42E-92
18.30	5.02E-93
18.35	1.28E-93
18.40	2.16E-94
18.45	1.41E-95
18.50	1.69E-99
18.55	3.16E-186
18.60	1.00E-186
18.65	3.16E-187
18.70	1.00E-187
18.75	3.16E-188
18.80	1.00E-188
18.85	3.16E-189
18.90	1.00E-189
18.95	3.16E-190
19.00	1.00E-190
19.05	3.16E-191
19.10	1.00E-191
19.15	3.16E-192
19.20	1.00E-192
19.25	3.16E-193
19.30	1.00E-193
19.35	3.16E-194
19.40	1.00E-194
19.45	3.16E-195
19.50	1.00E-195
19.55	3.16E-196
19.60	1.00E-196
19.65	3.16E-197
19.70	1.00E-197
19.75	3.16E-198
19.80	1.00E-198
19.85	3.16E-199
19.90	1.00E-199
19.95	3.16E-200
20.00	9.99E-201
20.05	3.14E-201
20.10	9.70E-202
20.15	2.88E-202
20.20	8.23E-203
20.25	2.32E-203
20.30	6.44E-204
20.35	1.76E-204
20.40	4.67E-205
20.45	1.20E-205
20.50	2.89E-206
20.55	6.33E-207
20.60	1.11E-207
20.65	1.31E-208
20.70	8.58E-210
20.75	1.18E-211
20.80	1.28E-212
20.85	4.66E-213
20.90	1.70E-213
20.95	6.78E-214
21.00	3.28E-214
21.05	2.39E-214
21.10	7.05E-214
21.15	1.09E-213
21.20	9.70E-214
21.25	5.98E-214
21.30	2.83E-214
21.35	1.19E-214
21.40	4.68E-215
21.45	1.77E-215
21.50	6.52E-216
21.55	2.35E-216
21.60	8.38E-217
21.65	2.93E-217
21.70	9.77E-218
21.75	3.15E-218
21.80	1.00E-218
21.85	3.16E-219
21.90	1.00E-219
21.95	1.04E-116
22.00	5.99E-116
22.05	1.04E-115
22.10	1.02E-115
22.15	7.83E-116
22.20	5.34E-116
22.25	3.40E-116
22.30	2.06E-116
22.35	1.20E-116
22.40	6.72E-117
22.45	3.62E-117
22.50	1.86E-117
22.55	8.98E-118
22.60	3.88E-118
22.65	1.32E-118
22.70	2.00E-119
22.75	3.16E-228
22.80	1.00E-228
22.85	3.16E-229
22.90	1.00E-229
22.95	3.16E-230
23.00	7.27E-122
23.05	3.96E-121
23.10	1.11E-120
23.15	1.78E-120
23.20	2.07E-120
23.25	2.32E-120
23.30	2.84E-120
23.35	5.21E-120
23.40	1.46E-119
23.45	2.89E-119
23.50	3.72E-119
23.55	3.51E-119
23.60	2.78E-119
23.65	2.01E-119
23.70	1.38E-119
23.75	9.19E-120
23.80	5.96E-120
23.85	3.80E-120
23.90	2.39E-120
23.95	1.49E-120
24.00	9.11E-121
24.05	5.44E-121
24.10	3.14E-121
24.15	1.78E-121
24.20	1.09E-06
24.25	1.23E-05
24.30	4.66E-05
24.35	1.14E-04
24.40	2.89E-04
24.45	1.36E-03
24.50	9.56E-03
24.55	3.23E-02
24.60	6.74E-02
24.65	9.64E-02
24.70	1.09E-01
24.75	1.04E-01
24.80	8.32E-02
24.85	4.83E-02
24.90	1.86E-02
24.95	3.55E-03
25.00	5.86E-05
25.05	5.19E-126
25.10	3.09E-126
25.15	1.77E-126
25.20	1.00E-126
25.25	5.62E-127
25.30	3.16E-127
25.35	1.78E-127
25.40	1.00E-127
25.45	5.62E-128
25.50	3.16E-128
25.55	1.78E-128
25.60	1.00E-128
25.65	5.62E-129
25.70	3.16E-129
25.75	1.78E-129
25.80	1.00E-129
25.85	5.62E-130
25.90	3.16E-130
25.95	1.78E-130
26.00	1.00E-130
26.05	5.62E-131
26.10	3.16E-131
26.15	1.78E-131
26.20	1.00E-131
26.25	5.62E-132
26.30	3.16E-132
26.35	1.78E-132
26.40	1.00E-132
26.45	5.62E-133
26.50	3.16E-133
26.55	1.78E-133
26.60	9.96E-134
26.65	5.53E-134
26.70	2.99E-134
26.75	1.56E-134
26.80	7.98E-135
26.85	4.03E-135
26.90	2.02E-135
26.95	9.91E-136
27.00	4.78E-136
27.05	2.24E-136
27.10	1.01E-136
27.15	4.26E-137
27.20	1.60E-137
27.25	4.82E-138
27.30	9.86E-139
27.35	1.10E-139
27.40	3.33E-141
27.45	2.74E-142
27.50	4.88E-142
27.55	9.65E-142
27.60	5.30E-141
27.65	1.58E-140
27.70	2.60E-140
27.75	2.90E-140
27.80	2.35E-140
27.85	1.61E-140
27.90	1.01E-140
27.95	6.00E-141
28.00	3.39E-141
28.05	1.83E-141
28.10	9.31E-142
28.15	4.38E-142
28.20	1.77E-142
28.25	5.44E-143
28.30	1.11E-143
28.35	1.24E-144
28.40	3.18E-146
28.45	3.34E-149
28.50	1.00E-285
28.55	3.16E-286
28.60	1.00E-286
28.65	3.16E-287
28.70	1.00E-287
28.75	3.16E-288
28.80	1.00E-288
28.85	3.16E-289
28.90	1.00E-289
28.95	3.16E-290
29.00	1.00E-290
29.05	3.16E-291
29.10	1.00E-291
29.15	3.16E-292
29.20	1.00E-292
29.25	3.16E-293
29.30	1.00E-293
29.35	3.16E-294
29.40	1.00E-294
29.45	3.16E-295
29.50	1.00E-295
29.55	3.16E-296
29.60	1.00E-296
29.65	3.16E-297
29.70	1.00E-297
29.75	3.16E-298
29.80	1.00E-298
29.85	3.16E-299
29.90	1.00E-299
29.95	3.16E-300
30.00	1.00E-300
30.05	3.16E-301
30.10	1.00E-301
30.15	3.16E-302
30.20	1.00E-302
30.25	3.16E-303
30.30	1.00E-303
30.35	3.16E-304
30.40	1.00E-304
30.45	3.16E-305
30.50	1.00E-305
30.55	3.16E-306
30.60	9.99E-307
30.65	3.16E-307
30.70	9.98E-308
30.75	3.15E-308
30.80	0.00E-01
30.85	0.00E-01
30.90	0.00E+00
30.95	0.00E+00
31.00	0.00E+00
31.05	0.00E+00
31.10	0.00E+00
31.15	0.00E+00
31.20	0.00E+00
31.25	0.00E+00
31.30	0.00E+00
31.35	0.00E+00
31.40	0.00E+00
31.45	0.00E+00
31.50	0.00E+00
31.55	0.00E+00
31.60	0.00E+00
31.65	0.00E+00
31.70	0.00E+00
31.75	0.00E+00
31.80	0.00E+00
31.85	0.00E+00
31.90	0.00E+00
31.95	0.00E+00
32.00	0.00E+00
32.05	0.00E+00
32.10	0.00E+00
32.15	0.00E+00
32.20	0.00E+00
32.25	0.00E+00
32.30	0.00E+00
32.35	0.00E+00
32.40	0.00E+00
32.45	0.00E+00
32.50	0.00E+00
32.55	0.00E+00
32.60	0.00E+00
32.65	0.00E+00
32.70	0.00E+00
32.75	0.00E+00
32.80	0.00E+00
32.85	0.00E+00
32.90	0.00E+00
32.95	0.00E+00
33.00	0.00E+00
33.05	0.00E+00
33.10	0.00E+00
33.15	0.00E+00
33.20	0.00E+00
33.25	0.00E+00
33.30	0.00E+00
33.35	0.00E+00
33.40	0.00E+00
33.45	0.00E+00
33.50	0.00E+00
33.55	0.00E+00
33.60	0.00E+00
33.65	0.00E+00
33.70	0.00E+00
33.75	0.00E+00
33.80	0.00E+00
33.85	0.00E+00
33.90	2.87E-178
33.95	6.18E-177
34.00	1.67E-06
34.05	1.76E-05
34.10	4.82E-05
34.15	1.02E-04
34.20	2.02E-04
34.25	4.87E-04
34.30	2.29E-03
34.35	1.06E-02
34.40	3.39E-02
34.45	7.70E-02
34.50	1.39E-01
34.55	2.16E-01
34.60	3.08E-01
34.65	4.12E-01
34.70	5.17E-01
34.75	6.12E-01
34.80	6.96E-01
34.85	7.77E-01
34.90	8.55E-01
34.95	9.24E-01
35.00	9.71E-01
35.05	9.93E-01
35.10	9.98E-01
35.15	9.98E-01
35.20	9.98E-01
35.25	9.98E-01
35.30	9.95E-01
35.35	9.83E-01
35.40	9.45E-01
35.45	8.75E-01
35.50	7.87E-01
35.55	6.97E-01
35.60	6.08E-01
35.65	5.20E-01
35.70	4.32E-01
35.75	3.43E-01
35.80	2.55E-01
35.85	1.66E-01
35.90	8.46E-02
35.95	2.94E-02
36.00	5.75E-03
36.05	3.33E-04
36.10	2.91E-06
36.15	1.78E-181
36.20	9.98E-182
36.25	5.61E-182
36.30	3.16E-182
36.35	1.78E-182
36.40	9.98E-183
36.45	5.61E-183
36.50	3.16E-183
36.55	1.78E-183
36.60	9.99E-184
36.65	5.62E-184
36.70	3.16E-184
36.75	1.78E-184
36.80	9.99E-185
36.85	5.62E-185
36.90	3.16E-185
36.95	1.78E-185
37.00	9.99E-186
37.05	5.62E-186
37.10	3.16E-186
37.15	1.78E-186
37.20	9.98E-187
37.25	5.61E-187
37.30	3.15E-187
37.35	1.74E-187
37.40	9.36E-188
37.45	4.83E-188
37.50	2.42E-188
37.55	1.19E-188
37.60	5.68E-189
37.65	2.58E-189
37.70	1.10E-189
37.75	4.35E-190
37.80	1.55E-190
37.85	4.54E-191
37.90	9.64E-192
37.95	1.33E-192
38.00	8.16E-194
38.05	4.17E-196
38.10	0.00E+00
38.15	0.00E+00
38.20	0.00E+00
38.25	0.00E+00
38.30	0.00E+00
38.35	0.00E+00
38.40	0.00E+00
38.45	0.00E+00
38.50	0.00E+00
38.55	0.00E+00
38.60	0.00E+00
38.65	0.00E+00
38.70	0.00E+00
38.75	0.00E+00
38.80	0.00E+00
38.85	0.00E+00
38.90	0.00E+00
38.95	0.00E+00
39.00	0.00E+00
39.05	0.00E+00
39.10	0.00E+00
39.15	0.00E+00
39.20	0.00E+00
39.25	0.00E+00
39.30	0.00E+00
39.35	0.00E+00
39.40	0.00E+00
39.45	0.00E+00
39.50	0.00E+00
39.55	0.00E+00
39.60	0.00E+00
39.65	0.00E+00
39.70	0.00E+00
39.75	0.00E+00
39.80	0.00E+00
39.85	0.00E+00
39.90	0.00E+00
39.95	0.00E+00
40.00	0.00E+00
40.05	0.00E+00
40.10	0.00E+00
40.15	0.00E+00
40.20	0.00E+00
40.25	0.00E+00
40.30	0.00E+00
40.35	0.00E+00
40.40	4.65E-209
40.45	1.85E-207
40.50	3.94E-207
40.55	7.17E-207
40.60	3.12E-206
40.65	9.91E-206
40.70	1.85E-205
40.75	2.35E-205
40.80	2.25E-205
40.85	1.79E-205
40.90	1.30E-205
40.95	8.93E-206
41.00	5.94E-206
41.05	3.86E-206
41.10	2.46E-206
41.15	1.55E-206
41.20	9.44E-207
41.25	5.53E-207
41.30	3.16E-207
41.35	1.78E-207
41.40	1.00E-207
41.45	5.62E-208
41.50	3.16E-208
41.55	1.78E-208
41.60	1.00E-208
41.65	5.62E-209
41.70	3.16E-209
41.75	1.78E-209
41.80	1.00E-209
41.85	5.62E-210
41.90	3.16E-210
41.95	1.78E-210
42.00	1.00E-210
42.05	5.62E-211
42.10	3.16E-211
42.15	1.78E-211
42.20	1.00E-211
42.25	5.62E-212
42.30	3.16E-212
42.35	1.78E-212
42.40	1.00E-212
42.45	5.62E-213
42.50	3.16E-213
42.55	1.78E-213
42.60	9.99E-214
42.65	5.62E-214
42.70	3.16E-214
42.75	1.77E-214
42.80	9.97E-215
42.85	5.61E-215
42.90	3.15E-215
42.95	1.76E-215
43.00	9.76E-216
43.05	5.26E-216
43.10	2.74E-216
43.15	1.38E-216
43.20	6.89E-217
43.25	3.38E-217
43.30	1.62E-217
43.35	7.55E-218
43.40	3.36E-218
43.45	1.39E-218
43.50	5.05E-219
43.55	1.47E-219
43.60	2.96E-220
43.65	3.58E-221
43.70	1.25E-222
43.75	1.03E-224
43.80	0.00E+00
43.85	0.00E+00
43.90	0.00E+00
43.95	0.00E+00
44.00	0.00E+00
44.05	0.00E+00
44.10	0.00E+00
44.15	0.00E+00
44.20	0.00E+00
44.25	0.00E+00
44.30	0.00E+00
44.35	0.00E+00
44.40	0.00E+00
44.45	0.00E+00
44.50	0.00E+00
44.55	0.00E+00
44.60	0.00E+00
44.65	0.00E+00
44.70	0.00E+00
44.75	0.00E+00
44.80	0.00E+00
44.85	0.00E+00
44.90	0.00E+00
44.95	0.00E+00
45.00	0.00E+00
