7.887800000000000367e-01 0.000000000000000000e+00
8.103599999999999692e-01 0.000000000000000000e+00
8.319400000000000128e-01 2.869699999999999985e-04
8.535099999999999909e-01 2.200099999999999972e-03
8.750900000000000345e-01 3.635000000000000210e-03
8.966699999999999671e-01 1.147900000000000092e-03
9.182500000000000107e-01 2.391400000000000123e-03
9.398300000000000542e-01 5.930699999999999687e-03
9.614099999999999868e-01 8.417799999999999588e-03
9.829799999999999649e-01 4.687199999999999873e-03
1.004599999999999937e+00 8.800499999999999295e-03
1.026100000000000012e+00 1.186100000000000002e-02
1.047700000000000076e+00 1.578299999999999842e-02
1.069299999999999917e+00 2.133200000000000027e-02
1.090899999999999981e+00 3.194899999999999823e-02
1.112500000000000044e+00 3.883700000000000346e-02
1.133999999999999897e+00 4.065400000000000263e-02
1.155599999999999961e+00 4.055899999999999783e-02
1.177200000000000024e+00 4.486300000000000010e-02
1.198800000000000088e+00 5.634200000000000319e-02
1.220299999999999940e+00 6.466399999999999926e-02
1.241900000000000004e+00 8.159600000000000186e-02
1.263500000000000068e+00 8.312600000000000544e-02
1.285099999999999909e+00 8.685700000000000365e-02
1.306699999999999973e+00 9.967499999999999971e-02
1.328200000000000047e+00 1.125899999999999956e-01
1.349800000000000111e+00 1.259800000000000086e-01
1.371399999999999952e+00 1.262699999999999934e-01
1.393000000000000016e+00 1.390899999999999914e-01
1.414600000000000080e+00 1.532399999999999873e-01
1.436099999999999932e+00 1.690300000000000136e-01
1.457699999999999996e+00 1.713200000000000001e-01
1.479300000000000059e+00 1.816500000000000059e-01
1.500899999999999901e+00 1.855700000000000127e-01
1.522399999999999975e+00 1.917000000000000093e-01
1.544000000000000039e+00 2.069999999999999896e-01
1.565600000000000103e+00 2.164699999999999958e-01
1.587199999999999944e+00 2.329299999999999982e-01
1.608800000000000008e+00 2.531999999999999806e-01
1.630300000000000082e+00 2.587499999999999800e-01
1.651899999999999924e+00 2.736799999999999788e-01
1.673499999999999988e+00 2.932799999999999851e-01
1.695100000000000051e+00 2.917500000000000093e-01
1.716599999999999904e+00 3.063899999999999957e-01
1.738199999999999967e+00 3.304000000000000270e-01
1.759800000000000031e+00 3.403499999999999859e-01
1.781400000000000095e+00 3.525900000000000145e-01
1.802999999999999936e+00 3.721999999999999753e-01
1.824500000000000011e+00 3.934400000000000119e-01
1.846100000000000074e+00 4.130499999999999727e-01
1.867699999999999916e+00 4.313199999999999812e-01
1.889299999999999979e+00 4.516899999999999804e-01
1.910900000000000043e+00 4.388799999999999923e-01
1.932399999999999896e+00 4.697700000000000209e-01
1.953999999999999959e+00 4.687200000000000255e-01
1.975600000000000023e+00 5.018200000000000438e-01
1.997200000000000086e+00 5.282200000000000228e-01
2.018699999999999939e+00 5.168399999999999661e-01
2.040299999999999780e+00 5.499300000000000299e-01
2.061900000000000066e+00 5.611199999999999521e-01
2.083499999999999908e+00 5.706900000000000306e-01
2.105100000000000193e+00 5.842699999999999561e-01
2.126599999999999824e+00 6.166099999999999914e-01
2.148200000000000109e+00 6.377500000000000391e-01
2.169799999999999951e+00 6.520899999999999475e-01
2.191399999999999793e+00 6.867199999999999971e-01
2.213000000000000078e+00 6.939899999999999958e-01
2.234500000000000153e+00 7.218299999999999716e-01
2.256099999999999994e+00 7.436399999999999677e-01
2.277699999999999836e+00 7.497599999999999820e-01
2.299300000000000122e+00 7.656399999999999872e-01
2.320800000000000196e+00 7.787399999999999878e-01
2.342400000000000038e+00 8.031399999999999650e-01
2.363999999999999879e+00 8.011300000000000088e-01
2.385600000000000165e+00 8.390999999999999570e-01
2.407200000000000006e+00 8.549799999999999622e-01
2.428700000000000081e+00 8.763199999999999878e-01
2.450299999999999923e+00 8.789000000000000146e-01
2.471900000000000208e+00 9.051099999999999701e-01
2.493500000000000050e+00 9.279699999999999616e-01
2.515000000000000124e+00 9.368699999999999806e-01
2.536599999999999966e+00 9.424099999999999699e-01
2.558199999999999807e+00 9.586799999999999766e-01
2.579800000000000093e+00 9.719700000000000006e-01
2.601399999999999935e+00 9.644200000000000550e-01
2.622900000000000009e+00 9.740799999999999459e-01
2.644499999999999851e+00 9.597299999999999720e-01
2.666100000000000136e+00 9.578200000000000047e-01
2.687699999999999978e+00 9.687200000000000255e-01
2.709299999999999820e+00 9.706299999999999928e-01
2.730799999999999894e+00 9.671899999999999942e-01
2.752400000000000180e+00 9.709200000000000053e-01
2.774000000000000021e+00 9.509300000000000530e-01
2.795599999999999863e+00 9.772300000000000431e-01
2.817099999999999937e+00 9.955000000000000515e-01
2.838699999999999779e+00 9.797200000000000353e-01
2.860300000000000065e+00 9.672899999999999832e-01
2.881899999999999906e+00 9.738900000000000334e-01
2.903500000000000192e+00 9.705399999999999583e-01
2.924999999999999822e+00 9.888099999999999667e-01
2.946600000000000108e+00 1.000000000000000000e+00
2.968199999999999950e+00 9.739799999999999569e-01
2.989799999999999791e+00 9.874699999999999589e-01
3.011400000000000077e+00 9.764699999999999491e-01
3.032900000000000151e+00 9.834500000000000464e-01
3.054499999999999993e+00 9.896700000000000497e-01
3.076099999999999834e+00 9.528400000000000203e-01
3.097700000000000120e+00 9.565700000000000314e-01
3.119200000000000195e+00 9.608799999999999564e-01
3.140800000000000036e+00 9.303599999999999648e-01
3.162399999999999878e+00 9.268199999999999772e-01
3.184000000000000163e+00 9.089300000000000157e-01
3.205600000000000005e+00 9.206999999999999629e-01
3.227100000000000080e+00 9.096999999999999531e-01
3.248699999999999921e+00 9.092200000000000282e-01
3.270300000000000207e+00 9.095100000000000406e-01
3.291900000000000048e+00 8.786100000000000021e-01
3.313400000000000123e+00 8.889399999999999524e-01
3.334999999999999964e+00 8.927699999999999525e-01
3.356599999999999806e+00 8.957300000000000262e-01
3.378200000000000092e+00 8.727800000000000002e-01
3.399799999999999933e+00 8.448400000000000354e-01
3.421300000000000008e+00 8.483800000000000230e-01
3.442899999999999849e+00 8.383399999999999741e-01
3.464500000000000135e+00 8.505800000000000027e-01
3.486099999999999977e+00 8.315500000000000114e-01
3.507699999999999818e+00 8.294399999999999551e-01
3.529199999999999893e+00 8.201600000000000001e-01
3.550800000000000178e+00 8.146200000000000108e-01
3.572400000000000020e+00 8.048600000000000199e-01
3.593999999999999861e+00 8.102200000000000513e-01
3.615499999999999936e+00 7.876400000000000068e-01
3.637100000000000222e+00 7.815199999999999925e-01
3.658700000000000063e+00 7.469900000000000428e-01
3.680299999999999905e+00 7.443999999999999506e-01
3.701900000000000190e+00 7.392400000000000082e-01
3.723399999999999821e+00 7.335000000000000409e-01
3.745000000000000107e+00 7.208700000000000108e-01
3.766599999999999948e+00 7.453600000000000225e-01
3.788199999999999790e+00 7.047099999999999476e-01
3.809800000000000075e+00 7.071899999999999853e-01
3.831300000000000150e+00 6.925599999999999534e-01
3.852899999999999991e+00 6.850000000000000533e-01
3.874499999999999833e+00 6.878699999999999815e-01
3.896100000000000119e+00 6.680700000000000527e-01
3.917600000000000193e+00 6.561099999999999710e-01
3.939200000000000035e+00 6.424299999999999455e-01
3.960799999999999876e+00 6.403299999999999548e-01
3.982400000000000162e+00 6.224399999999999933e-01
4.003999999999999559e+00 6.024500000000000410e-01
4.025500000000000078e+00 5.961400000000000032e-01
4.047100000000000364e+00 6.032100000000000239e-01
4.068699999999999761e+00 6.148799999999999821e-01
4.090300000000000047e+00 6.388899999999999579e-01
4.111799999999999677e+00 6.269400000000000528e-01
4.133399999999999963e+00 6.327700000000000546e-01
4.155000000000000249e+00 6.259799999999999809e-01
4.176599999999999646e+00 6.113399999999999945e-01
4.198199999999999932e+00 6.190900000000000292e-01
4.219699999999999562e+00 6.010100000000000442e-01
4.241299999999999848e+00 5.856099999999999639e-01
4.262900000000000134e+00 5.984300000000000175e-01
4.284500000000000419e+00 5.661000000000000476e-01
4.306099999999999817e+00 5.737499999999999822e-01
4.327600000000000335e+00 5.644700000000000273e-01
4.349199999999999733e+00 5.428500000000000547e-01
4.370800000000000018e+00 5.332900000000000418e-01
4.392400000000000304e+00 5.283099999999999463e-01
4.413899999999999935e+00 5.350099999999999856e-01
4.435500000000000220e+00 5.164499999999999647e-01
4.457099999999999618e+00 5.034399999999999986e-01
4.478699999999999903e+00 5.258300000000000196e-01
4.500300000000000189e+00 4.916800000000000059e-01
4.521799999999999820e+00 4.829700000000000104e-01
4.543400000000000105e+00 4.860300000000000176e-01
4.565000000000000391e+00 4.716899999999999982e-01
4.586599999999999788e+00 4.682399999999999896e-01
4.608200000000000074e+00 4.664200000000000013e-01
4.629699999999999704e+00 4.513099999999999890e-01
4.651299999999999990e+00 4.606799999999999784e-01
4.672900000000000276e+00 4.638399999999999745e-01
4.694499999999999673e+00 4.643200000000000105e-01
4.716000000000000192e+00 4.670900000000000052e-01
4.737599999999999589e+00 4.541799999999999726e-01
4.759199999999999875e+00 4.477700000000000014e-01
4.780800000000000161e+00 4.469099999999999739e-01
4.802399999999999558e+00 4.414600000000000191e-01
4.823900000000000077e+00 4.338099999999999734e-01
4.845500000000000362e+00 4.252000000000000224e-01
4.867099999999999760e+00 4.216599999999999793e-01
4.888700000000000045e+00 4.195499999999999785e-01
4.910199999999999676e+00 4.197400000000000020e-01
4.931799999999999962e+00 4.020500000000000185e-01
4.953400000000000247e+00 4.054900000000000171e-01
4.974999999999999645e+00 4.034800000000000053e-01
4.996599999999999930e+00 4.050099999999999811e-01
5.018099999999999561e+00 3.878900000000000126e-01
5.039699999999999847e+00 3.821499999999999897e-01
5.061300000000000132e+00 3.783199999999999896e-01
5.082900000000000418e+00 3.738299999999999956e-01
5.104499999999999815e+00 3.730600000000000027e-01
5.126000000000000334e+00 3.715300000000000269e-01
5.147599999999999731e+00 3.787099999999999911e-01
5.169200000000000017e+00 3.659800000000000275e-01
5.190800000000000303e+00 3.672300000000000009e-01
5.212299999999999933e+00 3.456099999999999728e-01
5.233900000000000219e+00 3.525900000000000145e-01
5.255499999999999616e+00 3.618700000000000250e-01
5.277099999999999902e+00 3.420699999999999852e-01
5.298700000000000188e+00 3.351799999999999780e-01
5.320199999999999818e+00 3.255199999999999760e-01
5.341800000000000104e+00 3.333699999999999997e-01
5.363400000000000389e+00 3.212200000000000055e-01
5.384999999999999787e+00 3.223599999999999799e-01
5.406500000000000306e+00 3.166300000000000225e-01
5.428099999999999703e+00 3.132800000000000029e-01
5.449699999999999989e+00 2.966300000000000048e-01
5.471300000000000274e+00 3.003600000000000159e-01
5.492899999999999672e+00 2.871600000000000263e-01
5.514400000000000190e+00 2.908000000000000029e-01
5.535999999999999588e+00 2.852500000000000036e-01
5.557599999999999874e+00 2.837200000000000277e-01
5.579200000000000159e+00 2.788399999999999768e-01
5.600799999999999557e+00 2.787399999999999878e-01
5.622300000000000075e+00 2.695600000000000218e-01
5.643900000000000361e+00 2.640100000000000224e-01
5.665499999999999758e+00 2.656399999999999872e-01
5.687100000000000044e+00 2.631499999999999950e-01
5.708599999999999675e+00 2.597999999999999754e-01
5.730199999999999960e+00 2.492800000000000016e-01
5.751800000000000246e+00 2.510999999999999899e-01
5.773399999999999643e+00 2.401000000000000079e-01
5.794999999999999929e+00 2.467000000000000026e-01
5.816499999999999559e+00 2.458400000000000030e-01
5.838099999999999845e+00 2.444000000000000061e-01
5.859700000000000131e+00 2.379999999999999893e-01
5.881300000000000416e+00 2.274700000000000055e-01
5.902899999999999814e+00 2.295800000000000063e-01
5.924400000000000333e+00 2.289100000000000024e-01
5.945999999999999730e+00 2.184800000000000075e-01
5.967600000000000016e+00 2.159899999999999876e-01
5.989200000000000301e+00 2.192500000000000004e-01
6.010699999999999932e+00 2.216400000000000037e-01
6.032300000000000217e+00 2.059499999999999942e-01
6.053899999999999615e+00 2.094900000000000095e-01
6.075499999999999901e+00 2.021199999999999941e-01
6.097100000000000186e+00 2.007799999999999863e-01
6.118599999999999817e+00 2.026000000000000023e-01
6.140200000000000102e+00 1.958100000000000118e-01
6.161800000000000388e+00 2.021199999999999941e-01
6.183399999999999785e+00 1.909299999999999886e-01
6.204900000000000304e+00 1.920800000000000007e-01
6.226499999999999702e+00 1.808899999999999952e-01
6.248099999999999987e+00 1.846200000000000063e-01
6.269700000000000273e+00 1.879699999999999982e-01
6.291299999999999670e+00 1.746699999999999919e-01
6.312800000000000189e+00 1.732400000000000051e-01
6.334399999999999586e+00 1.761999999999999955e-01
6.355999999999999872e+00 1.765799999999999870e-01
6.377600000000000158e+00 1.789699999999999902e-01
6.399200000000000443e+00 1.771600000000000119e-01
6.420700000000000074e+00 1.738099999999999923e-01
6.442300000000000360e+00 1.654899999999999982e-01
6.463899999999999757e+00 1.679700000000000082e-01
6.485500000000000043e+00 1.600300000000000056e-01
6.506999999999999673e+00 1.700800000000000090e-01
6.528599999999999959e+00 1.595600000000000074e-01
6.550200000000000244e+00 1.567800000000000027e-01
6.571799999999999642e+00 1.548700000000000077e-01
6.593399999999999928e+00 1.494199999999999973e-01
6.614899999999999558e+00 1.462600000000000011e-01
6.636499999999999844e+00 1.499900000000000122e-01
6.658100000000000129e+00 1.422400000000000053e-01
6.679700000000000415e+00 1.363099999999999867e-01
6.701299999999999812e+00 1.517100000000000115e-01
6.722800000000000331e+00 1.327699999999999991e-01
6.744399999999999729e+00 1.302899999999999892e-01
6.766000000000000014e+00 1.333499999999999963e-01
6.787600000000000300e+00 1.298999999999999877e-01
6.809099999999999930e+00 1.313400000000000123e-01
6.830700000000000216e+00 1.234900000000000025e-01
6.852299999999999613e+00 1.238800000000000040e-01
6.873899999999999899e+00 1.300000000000000044e-01
6.895500000000000185e+00 1.166100000000000053e-01
6.916999999999999815e+00 1.278900000000000037e-01
6.938600000000000101e+00 1.186099999999999932e-01
6.960200000000000387e+00 1.114399999999999974e-01
6.981799999999999784e+00 1.186099999999999932e-01
7.003300000000000303e+00 1.153600000000000042e-01
7.024899999999999700e+00 1.190900000000000014e-01
7.046499999999999986e+00 1.077100000000000002e-01
7.068100000000000271e+00 1.078999999999999959e-01
7.089699999999999669e+00 1.032099999999999962e-01
7.111200000000000188e+00 1.094299999999999995e-01
7.132799999999999585e+00 1.020699999999999941e-01
7.154399999999999871e+00 1.031200000000000033e-01
7.176000000000000156e+00 1.052199999999999941e-01
7.197600000000000442e+00 1.044599999999999973e-01
7.219100000000000072e+00 9.431799999999999906e-02
7.240700000000000358e+00 9.288299999999999335e-02
7.262299999999999756e+00 9.278699999999999448e-02
7.283900000000000041e+00 9.651800000000000657e-02
7.305399999999999672e+00 8.417800000000000282e-02
7.326999999999999957e+00 9.336099999999999954e-02
7.348600000000000243e+00 8.599600000000000299e-02
7.370199999999999640e+00 7.757799999999999419e-02
7.391799999999999926e+00 8.207399999999999418e-02
7.413299999999999557e+00 8.159600000000000186e-02
7.434899999999999842e+00 8.360399999999999776e-02
7.456500000000000128e+00 7.375199999999999811e-02
7.478100000000000414e+00 7.891700000000000104e-02
7.499699999999999811e+00 7.575999999999999401e-02
7.521200000000000330e+00 8.188299999999999745e-02
7.542799999999999727e+00 7.537800000000000056e-02
7.564400000000000013e+00 7.145600000000000562e-02
7.586000000000000298e+00 6.829899999999999860e-02
7.607499999999999929e+00 6.705600000000000449e-02
7.629100000000000215e+00 7.212599999999999567e-02
7.650699999999999612e+00 6.973400000000000432e-02
7.672299999999999898e+00 6.581199999999999550e-02
7.693900000000000183e+00 6.475999999999999812e-02
7.715399999999999814e+00 6.609900000000000497e-02
7.737000000000000099e+00 6.351600000000000301e-02
7.758600000000000385e+00 6.657699999999999729e-02
7.780199999999999783e+00 6.284700000000000009e-02
7.801700000000000301e+00 6.485599999999999699e-02
7.823299999999999699e+00 6.208199999999999830e-02
7.844899999999999984e+00 5.366400000000000337e-02
7.866500000000000270e+00 6.236799999999999983e-02
7.888099999999999667e+00 5.882899999999999935e-02
7.909600000000000186e+00 5.662899999999999878e-02
7.931199999999999584e+00 5.433299999999999935e-02
7.952799999999999869e+00 5.576799999999999813e-02
7.974400000000000155e+00 5.538499999999999673e-02
7.996000000000000441e+00 5.289800000000000058e-02
8.017500000000000071e+00 5.347199999999999870e-02
8.039099999999999469e+00 4.935900000000000010e-02
8.060700000000000642e+00 4.945499999999999896e-02
8.082300000000000040e+00 4.744600000000000206e-02
8.103799999999999670e+00 4.974200000000000149e-02
8.125400000000000844e+00 5.031599999999999961e-02
8.147000000000000242e+00 5.031599999999999961e-02
8.168599999999999639e+00 4.371499999999999692e-02
8.190200000000000813e+00 4.572400000000000075e-02
8.211700000000000443e+00 4.084600000000000036e-02
8.233299999999999841e+00 4.017600000000000338e-02
8.254899999999999238e+00 4.715899999999999953e-02
8.276500000000000412e+00 4.543699999999999822e-02
8.298099999999999810e+00 4.075000000000000150e-02
8.319599999999999440e+00 3.749799999999999661e-02
8.341200000000000614e+00 4.629799999999999888e-02
8.362800000000000011e+00 3.625400000000000150e-02
8.384399999999999409e+00 3.596699999999999897e-02
8.405900000000000816e+00 3.711500000000000216e-02
8.427500000000000213e+00 3.338399999999999701e-02
8.449099999999999611e+00 3.835899999999999727e-02
8.470700000000000784e+00 3.921899999999999692e-02
8.492300000000000182e+00 3.462799999999999906e-02
8.513799999999999812e+00 3.778499999999999914e-02
8.535399999999999210e+00 3.491500000000000159e-02
8.557000000000000384e+00 3.730599999999999888e-02
8.578599999999999781e+00 3.386299999999999727e-02
8.600099999999999412e+00 3.520199999999999718e-02
8.621700000000000585e+00 3.568000000000000338e-02
8.643299999999999983e+00 3.462799999999999906e-02
8.664899999999999380e+00 2.659299999999999858e-02
8.686500000000000554e+00 3.252300000000000330e-02
8.708000000000000185e+00 3.204499999999999710e-02
8.729599999999999582e+00 2.640100000000000086e-02
8.751200000000000756e+00 2.707100000000000131e-02
8.772800000000000153e+00 2.707100000000000131e-02
8.794399999999999551e+00 2.601900000000000046e-02
8.815899999999999181e+00 2.850600000000000009e-02
8.837500000000000355e+00 2.506200000000000094e-02
8.859099999999999753e+00 2.573200000000000140e-02
8.880699999999999150e+00 2.573200000000000140e-02
8.902200000000000557e+00 2.860100000000000142e-02
8.923799999999999955e+00 2.630599999999999952e-02
8.945399999999999352e+00 2.707100000000000131e-02
8.967000000000000526e+00 2.372300000000000103e-02
8.988599999999999923e+00 2.295799999999999924e-02
9.010099999999999554e+00 2.506200000000000094e-02
9.031700000000000728e+00 2.601900000000000046e-02
9.053300000000000125e+00 2.228799999999999878e-02
9.074899999999999523e+00 2.152300000000000046e-02
9.096399999999999153e+00 2.429699999999999915e-02
9.118000000000000327e+00 2.180999999999999953e-02
9.139599999999999724e+00 1.769700000000000092e-02
9.161199999999999122e+00 2.219199999999999992e-02
9.182800000000000296e+00 1.855700000000000058e-02
9.204299999999999926e+00 1.951400000000000010e-02
9.225899999999999324e+00 2.056600000000000095e-02
9.247500000000000497e+00 2.075799999999999867e-02
9.269099999999999895e+00 1.999199999999999935e-02
9.290699999999999292e+00 2.171400000000000066e-02
9.312200000000000699e+00 1.960999999999999896e-02
9.333800000000000097e+00 2.066199999999999981e-02
9.355399999999999494e+00 1.578299999999999842e-02
9.377000000000000668e+00 2.075799999999999867e-02
9.398500000000000298e+00 2.008800000000000169e-02
9.398500000000000298e+00 2.008800000000000169e-02
